23 26 95 88 18 49 4 13 13 77 10 52 24 77 5 11 77 0 11 54 
0 
0 4 
0 4 
0 4 
0 4 5 
0 4 5 
0 4 5 
0 4 5 
0 4 5 
0 4 5 
10 
10 11 11 
10 11 11 
10 11 11 
10 11 11 
13 13 
13 13 
13 13 
10 11 11 13 13 
10 11 11 13 13 
10 11 11 13 13 
10 11 11 13 13 
10 11 11 13 13 
10 11 11 13 13 
10 11 11 13 13 
10 11 11 13 13 18 
10 11 11 13 13 18 
10 11 11 13 13 18 
0 4 5 10 11 11 13 13 18 
23 
23 24 
23 24 
23 24 
23 24 
23 24 26 
23 24 26 
23 24 26 
23 24 26 
23 24 26 
23 24 26 
23 24 26 
23 24 26 
0 4 5 10 11 11 13 13 18 23 24 26 
0 4 5 10 11 11 13 13 18 23 24 26 
0 4 5 10 11 11 13 13 18 23 24 26 49 
52 
52 54 
52 54 
52 54 
52 54 
52 54 
52 54 
52 54 
52 54 
52 54 
0 4 5 10 11 11 13 13 18 23 24 26 49 52 54 
0 4 5 10 11 11 13 13 18 23 24 26 49 52 54 
77 77 77 
77 77 77 
77 77 77 
77 77 77 
77 77 77 
77 77 77 
77 77 77 
77 77 77 
77 77 77 
77 77 77 
0 4 5 10 11 11 13 13 18 23 24 26 49 52 54 77 77 77 
0 4 5 10 11 11 13 13 18 23 24 26 49 52 54 77 77 77 88 
0 4 5 10 11 11 13 13 18 23 24 26 49 52 54 77 77 77 88 95 
47 53 78 40 19 71 60 74 71 7 0 10 24 52 27 44 68 18 15 33 
