21 73 48 14 80 67 32 55 84 76 83 99 86 62 32 94 54 66 70 13 
99 94 86 84 83 67 62 55 73 76 80 21 48 32 32 14 54 66 70 13 
94 84 86 73 83 67 62 55 70 76 80 21 48 32 32 14 54 66 13 99 
86 84 67 73 83 48 62 55 70 76 80 21 13 32 32 14 54 66 94 99 
84 83 67 73 80 48 62 55 70 76 66 21 13 32 32 14 54 86 94 99 
83 80 67 73 76 48 62 55 70 54 66 21 13 32 32 14 84 86 94 99 
80 76 67 73 66 48 62 55 70 54 14 21 13 32 32 83 84 86 94 99 
76 73 67 70 66 48 62 55 32 54 14 21 13 32 80 83 84 86 94 99 
73 70 67 55 66 48 62 32 32 54 14 21 13 76 80 83 84 86 94 99 
70 66 67 55 54 48 62 32 32 13 14 21 73 76 80 83 84 86 94 99 
67 66 62 55 54 48 21 32 32 13 14 70 73 76 80 83 84 86 94 99 
66 55 62 32 54 48 21 14 32 13 67 70 73 76 80 83 84 86 94 99 
62 55 48 32 54 13 21 14 32 66 67 70 73 76 80 83 84 86 94 99 
55 54 48 32 32 13 21 14 62 66 67 70 73 76 80 83 84 86 94 99 
54 32 48 14 32 13 21 55 62 66 67 70 73 76 80 83 84 86 94 99 
48 32 21 14 32 13 54 55 62 66 67 70 73 76 80 83 84 86 94 99 
32 32 21 14 13 48 54 55 62 66 67 70 73 76 80 83 84 86 94 99 
32 14 21 13 32 48 54 55 62 66 67 70 73 76 80 83 84 86 94 99 
21 14 13 32 32 48 54 55 62 66 67 70 73 76 80 83 84 86 94 99 
14 13 21 32 32 48 54 55 62 66 67 70 73 76 80 83 84 86 94 99 
13 14 21 32 32 48 54 55 62 66 67 70 73 76 80 83 84 86 94 99 
