22 18 6 10 3 29 21 34 62 63 79 39 62 85 67 52 88 84 61 99 
21 18 6 10 3 22 29 34 62 63 79 39 62 85 67 52 88 84 61 99 
3 18 6 10 21 22 29 34 62 63 79 39 62 85 67 52 88 84 61 99 
3 18 6 10 21 22 29 34 62 63 79 39 62 85 67 52 88 84 61 99 
3 18 6 10 21 22 29 34 62 63 79 39 62 85 67 52 88 84 61 99 
3 18 6 10 21 22 29 34 62 63 79 39 62 85 67 52 88 84 61 99 
3 6 18 10 21 22 29 34 62 63 79 39 62 85 67 52 88 84 61 99 
3 6 10 18 21 22 29 34 62 63 79 39 62 85 67 52 88 84 61 99 
3 6 10 18 21 22 29 34 62 63 79 39 62 85 67 52 88 84 61 99 
3 6 10 18 21 22 29 34 62 63 79 39 62 85 67 52 88 84 61 99 
3 6 10 18 21 22 29 34 62 63 79 39 62 85 67 52 88 84 61 99 
3 6 10 18 21 22 29 34 62 63 79 39 62 85 67 52 88 84 61 99 
3 6 10 18 21 22 29 34 62 63 79 39 62 85 67 52 88 84 61 99 
3 6 10 18 21 22 29 34 62 63 79 39 62 85 67 52 88 84 61 99 
3 6 10 18 21 22 29 34 62 63 79 39 62 85 67 52 88 84 61 99 
3 6 10 18 21 22 29 34 39 62 63 79 62 85 67 52 88 84 61 99 
3 6 10 18 21 22 29 34 39 62 62 63 79 85 67 52 88 84 61 99 
3 6 10 18 21 22 29 34 39 62 62 63 79 85 67 52 88 84 61 99 
3 6 10 18 21 22 29 34 39 62 62 63 67 79 85 52 88 84 61 99 
3 6 10 18 21 22 29 34 39 52 62 62 63 67 79 85 88 84 61 99 
3 6 10 18 21 22 29 34 39 52 62 62 63 67 79 85 88 84 61 99 
3 6 10 18 21 22 29 34 39 52 62 62 63 67 79 84 85 88 61 99 
3 6 10 18 21 22 29 34 39 52 61 62 62 63 67 79 84 85 88 99 
3 6 10 18 21 22 29 34 39 52 61 62 62 63 67 79 84 85 88 99 
