3 34 61 10 62 67 21 63 62 29 6 39 18 79 22 52 85 84 88 99 
3 6 34 10 61 62 21 63 62 29 18 39 22 67 52 79 84 85 88 99 
3 6 10 18 34 61 21 62 62 29 22 39 52 63 67 79 84 85 88 99 
3 6 10 18 21 34 22 61 62 29 39 52 62 63 67 79 84 85 88 99 
3 6 10 18 21 22 29 34 61 39 52 62 62 63 67 79 84 85 88 99 
3 6 10 18 21 22 29 34 39 52 61 62 62 63 67 79 84 85 88 99 
3 6 10 18 21 22 29 34 39 52 61 62 62 63 67 79 84 85 88 99 
3 6 10 18 21 22 29 34 39 52 61 62 62 63 67 79 84 85 88 99 
3 6 10 18 21 22 29 34 39 52 61 62 62 63 67 79 84 85 88 99 
3 6 10 18 21 22 29 34 39 52 61 62 62 63 67 79 84 85 88 99 
