71 30 45 37 80 21 3 78 6 59 99 39 49 16 8 65 54 27 12 65 
3 30 45 37 80 21 71 78 6 59 65 39 49 16 8 65 54 27 12 99 
3 6 45 37 12 21 71 78 30 59 65 39 49 16 8 65 54 27 80 99 
3 6 8 37 12 21 71 27 30 59 65 39 49 16 45 65 54 78 80 99 
3 6 8 12 37 21 54 27 30 59 65 39 49 16 45 65 71 78 80 99 
3 6 8 12 16 21 54 27 30 59 65 39 49 37 45 65 71 78 80 99 
3 6 8 12 16 21 54 27 30 59 45 39 49 37 65 65 71 78 80 99 
3 6 8 12 16 21 27 54 30 37 45 39 49 59 65 65 71 78 80 99 
3 6 8 12 16 21 27 30 49 37 45 39 54 59 65 65 71 78 80 99 
3 6 8 12 16 21 27 30 37 39 45 49 54 59 65 65 71 78 80 99 
