34 61 10 62 67 21 63 62 29 3 39 6 79 18 52 85 84 22 88 99 
34 10 61 62 21 63 62 29 3 39 6 67 18 52 79 84 22 85 88 99 
10 34 61 21 62 62 29 3 39 6 63 18 52 67 79 22 84 85 88 99 
10 34 21 61 62 29 3 39 6 62 18 52 63 67 22 79 84 85 88 99 
10 21 34 61 29 3 39 6 62 18 52 62 63 22 67 79 84 85 88 99 
10 21 34 29 3 39 6 61 18 52 62 62 22 63 67 79 84 85 88 99 
10 21 29 3 34 6 39 18 52 61 62 22 62 63 67 79 84 85 88 99 
10 21 3 29 6 34 18 39 52 61 22 62 62 63 67 79 84 85 88 99 
10 3 21 6 29 18 34 39 52 22 61 62 62 63 67 79 84 85 88 99 
3 10 6 21 18 29 34 39 22 52 61 62 62 63 67 79 84 85 88 99 
3 6 10 18 21 29 34 22 39 52 61 62 62 63 67 79 84 85 88 99 
3 6 10 18 21 29 22 34 39 52 61 62 62 63 67 79 84 85 88 99 
3 6 10 18 21 22 29 34 39 52 61 62 62 63 67 79 84 85 88 99 
3 6 10 18 21 22 29 34 39 52 61 62 62 63 67 79 84 85 88 99 
