24 87 22 65 94 50 40 7 23 1 56 55 74 55 28 95 74 95 65 1 
24 55 22 65 94 50 40 7 23 1 56 87 74 55 28 95 74 95 65 1 
24 55 22 55 94 50 40 7 23 1 56 87 74 65 28 95 74 95 65 1 
24 55 22 55 28 50 40 7 23 1 56 87 74 65 94 95 74 95 65 1 
24 40 22 55 28 50 55 7 23 1 56 87 74 65 94 95 74 95 65 1 
24 40 7 55 28 50 55 22 23 1 56 87 74 65 94 95 74 95 65 1 
24 40 7 23 28 50 55 22 55 1 56 87 74 65 94 95 74 95 65 1 
24 40 7 23 1 50 55 22 55 28 56 87 74 65 94 95 74 95 65 1 
24 40 7 23 1 50 55 22 55 28 56 74 74 65 94 95 87 95 65 1 
24 40 7 23 1 50 55 22 55 28 56 74 74 65 1 95 87 95 65 94 
24 40 7 23 1 50 55 22 55 1 56 74 74 65 28 95 87 95 65 94 
7 40 24 23 1 50 55 22 55 1 56 74 74 65 28 95 87 95 65 94 
7 23 24 40 1 50 55 22 55 1 56 74 74 65 28 95 87 95 65 94 
7 23 1 40 24 50 55 22 55 1 56 74 74 65 28 95 87 95 65 94 
1 23 7 40 24 50 55 22 55 1 56 74 74 65 28 95 87 95 65 94 
1 23 7 40 24 22 55 50 55 1 56 74 74 65 28 95 87 95 65 94 
1 23 7 22 24 40 55 50 55 1 56 74 74 65 28 95 87 95 65 94 
1 22 7 23 24 40 55 50 55 1 56 74 74 65 28 95 87 95 65 94 
1 22 7 23 24 40 55 1 55 50 56 74 74 65 28 95 87 95 65 94 
1 22 7 23 24 1 55 40 55 50 56 74 74 65 28 95 87 95 65 94 
1 22 7 1 24 23 55 40 55 50 56 74 74 65 28 95 87 95 65 94 
1 1 7 22 24 23 55 40 55 50 56 74 74 65 28 95 87 95 65 94 
1 1 7 22 24 23 55 40 55 50 56 65 74 74 28 95 87 95 65 94 
1 1 7 22 24 23 55 40 55 50 56 65 28 74 74 95 87 95 65 94 
1 1 7 22 24 23 55 40 55 50 28 65 56 74 74 95 87 95 65 94 
1 1 7 22 24 23 55 40 28 50 55 65 56 74 74 95 87 95 65 94 
1 1 7 22 24 23 28 40 55 50 55 65 56 74 74 95 87 95 65 94 
1 1 7 22 24 23 28 40 55 50 55 65 56 74 74 95 65 95 87 94 
1 1 7 22 24 23 28 40 55 50 55 65 56 74 65 95 74 95 87 94 
1 1 7 22 24 23 28 40 55 50 55 65 56 74 65 95 74 94 87 95 
1 1 7 22 24 23 28 40 55 50 55 65 56 74 65 94 74 95 87 95 
1 1 7 22 23 24 28 40 55 50 55 65 56 74 65 94 74 95 87 95 
1 1 7 22 23 24 28 40 50 55 55 65 56 74 65 94 74 95 87 95 
1 1 7 22 23 24 28 40 50 55 55 56 65 74 65 94 74 95 87 95 
1 1 7 22 23 24 28 40 50 55 55 56 65 65 74 94 74 95 87 95 
1 1 7 22 23 24 28 40 50 55 55 56 65 65 74 74 94 95 87 95 
1 1 7 22 23 24 28 40 50 55 55 56 65 65 74 74 94 87 95 95 
1 1 7 22 23 24 28 40 50 55 55 56 65 65 74 74 87 94 95 95 
