41 25 76 55 50 93 55 46 47 81 47 21 80 57 31 19 74 8 14 88 
8 25 76 55 50 93 55 46 47 81 47 21 80 57 31 19 74 41 14 88 
8 14 76 55 50 93 55 46 47 81 47 21 80 57 31 19 74 41 25 88 
8 14 19 55 50 93 55 46 47 81 47 21 80 57 31 76 74 41 25 88 
8 14 19 21 50 93 55 46 47 81 47 55 80 57 31 76 74 41 25 88 
8 14 19 21 25 93 55 46 47 81 47 55 80 57 31 76 74 41 50 88 
8 14 19 21 25 31 55 46 47 81 47 55 80 57 93 76 74 41 50 88 
8 14 19 21 25 31 41 46 47 81 47 55 80 57 93 76 74 55 50 88 
8 14 19 21 25 31 41 46 47 47 81 55 80 57 93 76 74 55 50 88 
8 14 19 21 25 31 41 46 47 47 50 55 80 57 93 76 74 55 81 88 
8 14 19 21 25 31 41 46 47 47 50 55 55 57 93 76 74 80 81 88 
8 14 19 21 25 31 41 46 47 47 50 55 55 57 74 76 93 80 81 88 
8 14 19 21 25 31 41 46 47 47 50 55 55 57 74 76 80 93 81 88 
8 14 19 21 25 31 41 46 47 47 50 55 55 57 74 76 80 81 93 88 
8 14 19 21 25 31 41 46 47 47 50 55 55 57 74 76 80 81 88 93 
