44 3 68 55 30 61 91 30 63 40 91 72 8 47 10 89 68 66 73 58 
3 44 68 55 30 61 91 30 63 40 91 72 8 47 10 89 68 66 73 58 
3 44 68 55 30 61 91 30 63 40 91 72 8 47 10 89 68 66 73 58 
3 44 55 68 30 61 91 30 63 40 91 72 8 47 10 89 68 66 73 58 
3 30 44 55 68 61 91 30 63 40 91 72 8 47 10 89 68 66 73 58 
3 30 44 55 61 68 91 30 63 40 91 72 8 47 10 89 68 66 73 58 
3 30 44 55 61 68 91 30 63 40 91 72 8 47 10 89 68 66 73 58 
3 30 30 44 55 61 68 91 63 40 91 72 8 47 10 89 68 66 73 58 
3 30 30 44 55 61 63 68 91 40 91 72 8 47 10 89 68 66 73 58 
3 30 30 40 44 55 61 63 68 91 91 72 8 47 10 89 68 66 73 58 
3 30 30 40 44 55 61 63 68 91 91 72 8 47 10 89 68 66 73 58 
3 30 30 40 44 55 61 63 68 72 91 91 8 47 10 89 68 66 73 58 
3 8 30 30 40 44 55 61 63 68 72 91 91 47 10 89 68 66 73 58 
3 8 30 30 40 44 47 55 61 63 68 72 91 91 10 89 68 66 73 58 
3 8 10 30 30 40 44 47 55 61 63 68 72 91 91 89 68 66 73 58 
3 8 10 30 30 40 44 47 55 61 63 68 72 89 91 91 68 66 73 58 
3 8 10 30 30 40 44 47 55 61 63 68 68 72 89 91 91 66 73 58 
3 8 10 30 30 40 44 47 55 61 63 66 68 68 72 89 91 91 73 58 
3 8 10 30 30 40 44 47 55 61 63 66 68 68 72 73 89 91 91 58 
3 8 10 30 30 40 44 47 55 58 61 63 66 68 68 72 73 89 91 91 
